link up, 100000 Mbps
FPGA MAC 02:00:00:00:00:00, registered as the stream destination
     t    packets      Mpps    Gbit/s     lost      bad   NIC drop
     1          0     0.000      0.00        0        0          0
     2          0     0.000      0.00        0        0          0
     3          0     0.000      0.00        0        0          0
     4          0     0.000      0.00        0        0          0
     5          0     0.000      0.00        0        0          0
     6          0     0.000      0.00        0        0          0
     7          0     0.000      0.00        0        0          0
     8          0     0.000      0.00        0        0          0
     9          0     0.000      0.00        0        0          0
    10          0     0.000      0.00        0        0          0
    11          0     0.000      0.00        0        0          0
    12          0     0.000      0.00        0        0          0
    13          0     0.000      0.00        0        0          0
    14          0     0.000      0.00        0        0          0
    15    1437317     1.437     94.45        0        0          0
    16    1509822     1.510     99.21        0        0          0
    17    1509488     1.509     99.19        0        0          0
    18    1509175     1.509     99.17        0        0          0
    19    1509347     1.509     99.18        0        0          0
    20    1510179     1.510     99.24        0        0          0
    21    1509412     1.509     99.19        0        0          0
    22    1509622     1.510     99.20        0        0          0
    23    1509391     1.509     99.19        0        0          0
    24    1510759     1.511     99.27        0        0          0
    25    1509499     1.509     99.19        0        0          0
    26    1510241     1.510     99.24        0        0          0
    27    1509201     1.509     99.17        0        0          0
    28    1509563     1.510     99.20        0        0          0
    29    1509999     1.510     99.23        0        0          0
    30    1508676     1.509     99.14        0        0          0
    31    1509490     1.509     99.19        0        0          0
    32    1509778     1.510     99.21        0        0          0
    33    1510847     1.511     99.28        0        0          0
    34    1509627     1.510     99.20        0        0          0
    35    1508605     1.509     99.13        0        0          0
    36    1510768     1.511     99.28        0        0          0
    37    1509701     1.510     99.21        0        0          0
    38    1508641     1.509     99.14        0        0          0
    39    1510714     1.511     99.27        0        0          0
    40    1509132     1.509     99.17        0        0          0
    41    1509878     1.510     99.22        0        0          0
    42    1509193     1.509     99.17        0        0          0
    43    1510769     1.511     99.28        0        0          0
    44    1508419     1.508     99.12        0        0          0
    45    1510743     1.511     99.27        0        0          0
    46    1509137     1.509     99.17        0        0          0
    47    1510114     1.510     99.23        0        0          0
    48    1509021     1.509     99.16        0        0          0
    49    1509596     1.510     99.20        0        0          0
    50    1509901     1.510     99.22        0        0          0
    51    1509606     1.510     99.20        0        0          0
    52    1509347     1.509     99.18        0        0          0
    53    1509758     1.510     99.21        0        0          0
    54    1510699     1.511     99.27        0        0          0
    55    1509581     1.510     99.20        0        0          0
    56    1509936     1.510     99.22        0        0          0
    57    1509532     1.510     99.19        0        0          0
    58    1509504     1.510     99.19        0        0          0
    59    1509875     1.510     99.22        0        0          0
    60    1509547     1.510     99.20        0        0          0
    61    1509608     1.510     99.20        0        0          0
    62    1510146     1.510     99.23        0        0          0
    63    1509656     1.510     99.20        0        0          0
    64    1509604     1.510     99.20        0        0          0
    65    1509747     1.510     99.21        0        0          0
    66    1509452     1.509     99.19        0        0          0
    67    1509275     1.509     99.18        0        0          0
    68    1510201     1.510     99.24        0        0          0
    69    1509117     1.509     99.17        0        0          0
    70    1510469     1.510     99.26        0        0          0
    71    1509460     1.509     99.19        0        0          0
    72    1509500     1.510     99.19        0        0          0
    73    1509047     1.509     99.16        0        0          0
    74    1510387     1.510     99.25        0        0          0
total over 60 s with data: 90508819 packets, 0 lost, 0 with wrong samples, 0 dropped by the NIC; 99.20 Gbit/s UDP payload over the full seconds (record: 1048576 samples)
NIC counters (non-zero errors / discards since start):
host NIC rx_discards_phy +0 (ethtool, before / after)
